/home/evan/proj/ML/TrainYourOwnYolo/TrainYourOwnYOLO/Data/Source_Images/Training_Images/vott-csv-export/rocks3.png 563,494,832,749,0 1180,253,1428,482,0 1021,93,1290,340,0 743,87,1011,329,0 463,97,692,336,0
/home/evan/proj/ML/TrainYourOwnYolo/TrainYourOwnYOLO/Data/Source_Images/Training_Images/vott-csv-export/rocks4.png 388,217,552,370,0 1139,536,1329,710,0 1332,561,1532,745,0 714,373,892,532,0 708,216,884,355,0 651,28,799,160,0 1429,363,1617,572,0 1081,348,1249,539,0 1248,371,1432,560,0
/home/evan/proj/ML/TrainYourOwnYolo/TrainYourOwnYOLO/Data/Source_Images/Training_Images/vott-csv-export/rocks1.png 1107,432,1180,508,0 979,443,1053,524,0 983,571,1060,641,0 810,630,897,706,0 856,573,926,646,0 943,681,1019,755,0 888,793,968,876,0 1095,329,1160,395,0 1312,398,1385,469,0 1371,232,1436,294,0 1468,269,1548,327,0 1446,356,1523,411,0 1644,308,1719,380,0 1590,256,1662,324,0 1433,200,1503,270,0 1178,412,1252,482,0 1380,368,1456,444,0 966,624,1039,688,0
/home/evan/proj/ML/TrainYourOwnYolo/TrainYourOwnYOLO/Data/Source_Images/Training_Images/vott-csv-export/rocks2.png 726,618,807,691,0 647,790,729,862,0 554,843,644,928,0 520,606,611,683,0 502,540,576,611,0 471,468,552,538,0 477,356,551,428,0 570,284,643,352,0 462,203,527,269,0 344,127,413,191,0 289,94,358,170,0 134,145,204,213,0 335,218,406,280,0 693,542,761,606,0 643,646,719,723,0 445,298,524,362,0
/home/evan/proj/ML/TrainYourOwnYolo/TrainYourOwnYOLO/Data/Source_Images/Training_Images/vott-csv-export/rocks5.png 1108,405,1142,439,0 1039,370,1068,404,0
/home/evan/proj/ML/TrainYourOwnYolo/TrainYourOwnYOLO/Data/Source_Images/Training_Images/vott-csv-export/rocks11.png 717,839,845,977,0 583,327,685,426,0 1301,302,1400,397,0 1248,227,1327,298,0 1237,578,1358,698,0 1305,496,1426,603,0 1201,777,1341,894,0 1125,893,1247,1032,0 1000,910,1129,1045,0 860,928,989,1063,0 503,111,593,181,0 703,748,839,848,0 583,503,704,621,0
/home/evan/proj/ML/TrainYourOwnYolo/TrainYourOwnYOLO/Data/Source_Images/Training_Images/vott-csv-export/Rocks8.png 1201,726,1267,790,0 806,439,864,503,0 746,486,806,539,0 740,532,803,589,0 671,568,733,630,0 646,664,715,724,0 682,727,754,793,0 1255,571,1313,634,0 1302,535,1365,595,0 693,971,768,1049,0
/home/evan/proj/ML/TrainYourOwnYolo/TrainYourOwnYOLO/Data/Source_Images/Training_Images/vott-csv-export/rocks10.png 650,329,750,432,0 798,278,906,366,0 139,517,280,641,0 1300,657,1433,807,0 1552,469,1684,585,0 1160,237,1262,308,0 1320,207,1422,281,0 1044,221,1136,308,0 1601,308,1718,398,0 669,269,767,363,0 1438,210,1532,278,0
/home/evan/proj/ML/TrainYourOwnYolo/TrainYourOwnYOLO/Data/Source_Images/Training_Images/vott-csv-export/Rocks9.png 904,674,989,762,0 838,638,930,726,0 1302,425,1382,506,0 1620,407,1705,474,0 1393,432,1464,489,0 770,200,823,262,0 329,281,390,330,0 357,329,416,391,0 646,150,692,196,0 703,142,747,196,0
/home/evan/proj/ML/TrainYourOwnYolo/TrainYourOwnYOLO/Data/Source_Images/Training_Images/vott-csv-export/rocks6.png 963,625,1011,677,0 1074,694,1124,745,0 1111,751,1160,802,0 1093,483,1134,515,0 884,485,922,515,0 880,730,931,784,0 1011,769,1060,826,0 827,592,870,632,0 1115,529,1161,574,0 1061,588,1104,630,0 1019,607,1064,653,0
/home/evan/proj/ML/TrainYourOwnYolo/TrainYourOwnYOLO/Data/Source_Images/Training_Images/vott-csv-export/rocks14.png 692,749,781,841,0 526,815,620,904,0 1078,639,1175,738,0 1194,669,1287,763,0 1347,513,1429,596,0 1507,524,1594,593,0 1725,395,1810,476,0
/home/evan/proj/ML/TrainYourOwnYolo/TrainYourOwnYOLO/Data/Source_Images/Training_Images/vott-csv-export/rocks15.png 904,676,973,752,0 1096,671,1159,730,0 1263,606,1316,663,0 1491,586,1549,646,0 1645,637,1707,685,0 1458,673,1525,737,0 1383,650,1452,710,0 760,252,805,297,0 820,218,864,262,0 1355,195,1393,234,0 1397,285,1435,340,0 1344,409,1393,465,0 1281,432,1339,489,0 941,209,987,262,0 998,228,1036,273,0 1086,302,1131,344,0 1255,128,1295,160,0 1808,376,1880,450,0 1764,312,1813,368,0
/home/evan/proj/ML/TrainYourOwnYolo/TrainYourOwnYOLO/Data/Source_Images/Training_Images/vott-csv-export/rocks12.png 803,416,860,471,0 626,414,686,467,0 736,370,800,428,0 901,263,954,315,0 799,298,855,345,0 756,331,806,375,0
/home/evan/proj/ML/TrainYourOwnYolo/TrainYourOwnYOLO/Data/Source_Images/Training_Images/vott-csv-export/rocks7.png 1167,454,1254,531,0 1269,455,1346,540,0 1372,540,1454,610,0 1389,614,1482,690,0 1482,726,1608,841,0 683,825,791,932,0 488,515,558,572,0 482,405,552,461,0 976,391,1030,443,0 852,308,909,349,0 740,246,789,306,0 657,249,711,294,0 544,297,594,358,0 524,362,586,405,0
/home/evan/proj/ML/TrainYourOwnYolo/TrainYourOwnYOLO/Data/Source_Images/Training_Images/vott-csv-export/rocks13.png 1291,135,1333,171,0 1072,122,1115,160,0 979,159,1022,198,0 774,171,813,205,0 1354,121,1399,160,0 1230,967,1291,1032,0 1102,925,1157,992,0 1046,933,1103,997,0 884,967,943,1041,0 998,1006,1064,1074,0
/home/evan/proj/ML/TrainYourOwnYolo/TrainYourOwnYOLO/Data/Source_Images/Training_Images/vott-csv-export/rocks18.png 753,425,805,479,0 947,650,1000,702,0 588,698,653,763,0 632,729,703,794,0 280,485,340,533,0 303,383,354,437,0 283,278,342,331,0 290,340,353,379,0 523,175,567,218,0 623,150,662,196,0 641,114,685,153,0 689,89,729,142,0 761,110,798,150,0 1230,72,1270,124,0 1233,135,1283,184,0 1340,196,1393,234,0 1283,128,1333,168,0 1319,140,1365,192,0 1100,205,1146,255,0 1150,196,1206,239,0 977,221,1022,267,0 700,278,750,320,0 784,246,839,291,0
/home/evan/proj/ML/TrainYourOwnYolo/TrainYourOwnYOLO/Data/Source_Images/Training_Images/vott-csv-export/rocks16.png 957,669,1047,768,0 986,911,1071,1007,0 775,638,863,733,0 756,525,849,618,0 809,387,884,464,0 1254,412,1336,501,0 1563,384,1666,480,0 1474,249,1551,334,0 1121,337,1205,412,0 574,278,653,365,0 567,199,647,276,0 446,106,533,182,0
/home/evan/proj/ML/TrainYourOwnYolo/TrainYourOwnYOLO/Data/Source_Images/Training_Images/vott-csv-export/rocks19.png 1178,611,1323,749,0 501,531,641,664,0 605,299,729,434,0 1491,472,1648,610,0 1247,906,1385,1053,0 1064,982,1231,1080,0
/home/evan/proj/ML/TrainYourOwnYolo/TrainYourOwnYOLO/Data/Source_Images/Training_Images/vott-csv-export/rocks17.png 464,166,579,260,0 1355,455,1475,553,0 1260,663,1415,807,0 1293,939,1445,1080,0 204,478,329,637,0 984,82,1064,149,0